DR_MSE:	35.371238708496094
DR_MAE:	4.503726959228516
DC_ACC:	0.6060606060606061
DC_crossentropy:	1.844824198520545
DR_total_loss:	39.376304626464844
DR_discriminator_crossentropy:	0.3964656889438629
DR_L_diff:	9.03168773651123
DC_total_loss:	2.5329748861717456
DC_discriminator_crossentropy:	1.25912063591408
DC_L_diff:	2.591702941692237
Epoch:	330
