DR_MSE:	33.70026941010446
DR_MAE:	4.420199813264789
DC_ACC:	0.42424242424242425
DC_crossentropy:	2.460846756443833
DR_total_loss:	38.03803045099432
DR_discriminator_crossentropy:	0.48971136501341156
DR_L_diff:	14.778877489494555
DC_total_loss:	3.2897647510875356
DC_discriminator_crossentropy:	1.0712971073208433
DC_L_diff:	4.245219125892177
Epoch:	399
