DR_MSE:	26.221492767333984
DR_MAE:	4.162744045257568
DC_ACC:	0.45454545454545453
DC_crossentropy:	1.4636000141952976
DR_total_loss:	29.82932472229004
DR_discriminator_crossentropy:	0.36542457342147827
DR_L_diff:	14.456743240356445
DC_total_loss:	2.2677633328871294
DC_discriminator_crossentropy:	1.3357573278022534
DC_L_diff:	4.23124910755591
Epoch:	99
