DC_accuracy:	0.5757575631141663
DC_crossentropy:	1.5712419748306274
ER_MSE:	7.929264888763428
DW_total_loss:	4.4267072677612305
DW_discriminator_crossentropy:	7.956493854522705
DW_L_diff:	3.955089569091797
ER_total_loss:	8.809272480010986
ER_discriminator_crossentropy:	0.5359293365478516
ER_L_diff:	0.40488648861646653
Epoch:	259
