DC_accuracy:	0.48484848484848486
DC_crossentropy:	1.480073954119827
ER_MSE:	7.791456832885742
DW_total_loss:	3.3821293838096387
DW_discriminator_crossentropy:	9.753506072291367e-07
DW_L_diff:	17.30036601153287
ER_total_loss:	8.829235000610351
ER_discriminator_crossentropy:	1.0317904829978943
ER_L_diff:	0.9824885976314545
Epoch:	53
