DC_accuracy:	0.30303030303030304
DC_crossentropy:	1.9823473728064336
ER_MSE:	7.264664287567139
DW_total_loss:	3.122556296261874
DW_discriminator_crossentropy:	0.1052996792802305
DW_L_diff:	5.250780208544298
ER_total_loss:	8.157457046508789
ER_discriminator_crossentropy:	0.8371038651466369
ER_L_diff:	0.37121282041072845
Epoch:	128
