DR_MSE:	35.70203636631821
DR_MAE:	4.39475611484412
DC_loss:	1.4109604918595515
DC_ACC:	0.6060606060606061
Epoch:	86