DR_MSE:	26.574070439194188
DR_MAE:	4.301453460346568
DC_loss:	1.4907769651123972
DC_ACC:	0.5151515151515151
Epoch:	100