DC_accuracy:	0.5454545617103577
DC_crossentropy:	1.4187990427017212
ER_MSE:	7.7974604225158695
DW_total_loss:	3.5682857036590576
DW_discriminator_crossentropy:	4.576067924499512
DW_L_diff:	10.972222328186035
ER_total_loss:	8.686248435974122
ER_discriminator_crossentropy:	0.6114713764190673
ER_L_diff:	0.42685021996498107
Epoch:	85
