DC_accuracy:	0.4848484992980957
DC_crossentropy:	1.3767369985580444
ER_MSE:	7.806587619781494
DW_total_loss:	5.316880226135254
DW_discriminator_crossentropy:	12.314464569091797
DW_L_diff:	9.220263481140137
ER_total_loss:	8.69154369354248
ER_discriminator_crossentropy:	0.5528491401672363
ER_L_diff:	0.5518842804431915
Epoch:	105
