DC_accuracy:	0.48484848484848486
DC_crossentropy:	1.5996592767310864
ER_MSE:	7.395443058013916
DW_total_loss:	3.184334812742291
DW_discriminator_crossentropy:	4.1503150968840625
DW_L_diff:	5.03909082846208
ER_total_loss:	8.258663711547852
ER_discriminator_crossentropy:	0.6750994920730591
ER_L_diff:	0.3606931746006012
Epoch:	205
