DR_MSE:	37.66432559851444
DR_MAE:	4.661593914031982
DC_loss:	2.7928089373039477
DC_ACC:	0.5454545454545454
Epoch:	441