DR_MSE:	22.079932472922586
DR_MAE:	3.813538695826675
DC_loss:	1.981993039449056
DC_ACC:	0.3939393939393939
Epoch:	172