DR_MSE:	25.471463868112274
DR_MAE:	4.168677416714755
DC_accuracy:	0.5757575757575758
DC_crossentropy:	1.701246005116087
ER_MSE:	7.824948272705078
DW_total_loss:	35.60613262292111
DW_discriminator_crossentropy:	1.701246005116087
DW_L_diff:	74.8484554868756
ER_total_loss:	8.870004959106446
ER_discriminator_crossentropy:	1.059307231903076
ER_L_diff:	0.9498014110326767
Epoch:	53
