DR_MSE:	27.876014709472656
DR_MAE:	4.389424800872803
DC_accuracy:	0.5151515007019043
DC_crossentropy:	1.521107792854309
ER_MSE:	7.574721164703369
DW_total_loss:	33.815311431884766
DW_discriminator_crossentropy:	1.521107792854309
DW_L_diff:	21.940393447875977
ER_total_loss:	8.50682638168335
ER_discriminator_crossentropy:	0.8517210531234741
ER_L_diff:	0.4681234622001648
Epoch:	93
