DR_MSE:	25.15936279296875
DR_MAE:	4.288763523101807
DC_accuracy:	0.4848484992980957
DC_crossentropy:	1.6876546144485474
ER_MSE:	9.76911865234375
DW_total_loss:	31.170991897583008
DW_discriminator_crossentropy:	1.6876546144485474
DW_L_diff:	22.480501174926758
ER_total_loss:	10.946555824279786
ER_discriminator_crossentropy:	1.0713167953491212
ER_L_diff:	0.3798387211561203
Epoch:	36
