DR_MSE:	30.939780842174184
DR_MAE:	4.376980449214126
DC_accuracy:	0.48484848484848486
DC_crossentropy:	1.774498159235174
ER_MSE:	7.373051109313965
DW_total_loss:	37.33574479998964
DW_discriminator_crossentropy:	1.774498159235174
DW_L_diff:	20.897869446060874
ER_total_loss:	8.263644676208497
ER_discriminator_crossentropy:	0.79545729637146
ER_L_diff:	0.3519280967116356
Epoch:	139
