DR_MSE:	33.1125373840332
DR_MAE:	4.305281162261963
DC_accuracy:	0.5757575631141663
DC_crossentropy:	1.4211660623550415
ER_MSE:	7.6108558464050295
DW_total_loss:	41.386627197265625
DW_discriminator_crossentropy:	1.4211660623550415
DW_L_diff:	44.73439025878906
ER_total_loss:	11.609634437561034
ER_discriminator_crossentropy:	0.552016339302063
ER_L_diff:	0.6918273460865021
Epoch:	103
