DR_MSE:	38.693773833188146
DR_MAE:	4.658123558217829
DC_accuracy:	0.48484848484848486
DC_crossentropy:	1.2886778874830767
ER_MSE:	7.483405609130859
DW_total_loss:	46.786770618323125
DW_discriminator_crossentropy:	1.2886778874830767
DW_L_diff:	40.07371620698409
ER_total_loss:	11.479321556091309
ER_discriminator_crossentropy:	0.807806453704834
ER_L_diff:	0.6532646304368973
Epoch:	126
