DR_MSE:	23.98935890197754
DR_MAE:	3.658726692199707
DC_accuracy:	0.1515151560306549
DC_crossentropy:	4.800538539886475
ER_MSE:	7.651794776916504
DW_total_loss:	97.40518951416016
DW_discriminator_crossentropy:	4.800538539886475
DW_L_diff:	800.8348388671875
ER_total_loss:	11.696546401977539
ER_discriminator_crossentropy:	0.5000252008438111
ER_L_diff:	1.173093456029892
Epoch:	162
