DR_MSE:	37.73295627940785
DR_MAE:	4.647790562022816
DC_accuracy:	0.5454545454545454
DC_crossentropy:	1.5084210670355596
ER_MSE:	7.380594253540039
DW_total_loss:	49.348200884732336
DW_discriminator_crossentropy:	1.5084210670355596
DW_L_diff:	82.18873879403779
ER_total_loss:	11.286502361297607
ER_discriminator_crossentropy:	0.6221340703964233
ER_L_diff:	0.7509713274240494
Epoch:	212
