DC_accuracy:	0.5757575757575758
DC_crossentropy:	1.657895651730624
ER_MSE:	7.533313636779785
DW_total_loss:	2.0932736685781768
DW_discriminator_crossentropy:	0.2754871303384954
DW_L_diff:	2.7161947416536734
ER_total_loss:	8.429530601501465
ER_discriminator_crossentropy:	0.7573516654968262
ER_L_diff:	0.3610055685043335
Epoch:	200
