DC_accuracy:	0.5454545617103577
DC_crossentropy:	1.296815276145935
ER_MSE:	7.4892254829406735
DW_total_loss:	2.8382816314697266
DW_discriminator_crossentropy:	3.036891939700581e-05
DW_L_diff:	17.809316635131836
ER_total_loss:	8.439363822937011
ER_discriminator_crossentropy:	0.9418674683570862
ER_L_diff:	0.5080179846286774
Epoch:	80
