DC_accuracy:	0.48484848484848486
DC_crossentropy:	1.5192523725105054
ER_MSE:	7.2585197448730465
DW_total_loss:	2.049594517910119
DW_discriminator_crossentropy:	0.0065825480516209746
DW_L_diff:	4.8995467659198875
ER_total_loss:	8.172533302307128
ER_discriminator_crossentropy:	0.910366621017456
ER_L_diff:	0.41443871706724167
Epoch:	129
