DC_loss:	1.773231975960009
DC_ACC:	0.5454545454545454
ER_MSE:	7.348078765869141
Epoch:	71