DC_loss:	1.9304871306274876
DC_ACC:	0.5151515151515151
ER_MSE:	7.055851898193359
Epoch:	130