categorical_crossentropy: 	1.4261852701505024
accuracy: 	0.6666666666666666
DR_MSE: 	36.19534530061664
DR_MAE: 	4.389737757769498
epoch: 	229