categorical_crossentropy: 	1.340993749372887
accuracy: 	0.48484848484848486
DR_MSE: 	64.16266343810342
DR_MAE: 	5.849517489924575
epoch: 	164