categorical_crossentropy: 	1.4489567135319565
accuracy: 	0.48484848484848486
DR_MSE: 	26.678423794833098
DR_MAE: 	4.229470267440334
epoch: 	235