DR_MSE:	41.66801903464577
DR_MAE:	5.037844983014193
DC_accuracy:	0.5757575757575758
DC_crossentropy:	1.6128753929427175
ER_MSE:	7.65741870880127
DW_total_loss:	51.1127793861158
DW_discriminator_crossentropy:	1.6128753929427175
DW_L_diff:	49.20749240210562
ER_total_loss:	8.56754425048828
ER_discriminator_crossentropy:	0.6473050093650818
ER_L_diff:	0.7391385519504547
Epoch:	310
