DR_MSE:	31.134662628173828
DR_MAE:	4.350958824157715
DC_accuracy:	0.4545454680919647
DC_crossentropy:	1.465687870979309
ER_MSE:	9.86406509399414
DW_total_loss:	38.62822341918945
DW_discriminator_crossentropy:	1.465687870979309
DW_L_diff:	38.66900634765625
ER_total_loss:	11.071845626831054
ER_discriminator_crossentropy:	1.1669151401519775
ER_L_diff:	0.35356700628995896
Epoch:	29
