DR_MSE:	27.88656234741211
DR_MAE:	4.226538181304932
DC_accuracy:	0.4848484992980957
DC_crossentropy:	1.6879591941833496
ER_MSE:	7.272901000976563
DW_total_loss:	37.16238021850586
DW_discriminator_crossentropy:	1.6879591941833496
DW_L_diff:	61.576900482177734
ER_total_loss:	8.21521282196045
ER_discriminator_crossentropy:	0.8860729551315307
ER_L_diff:	0.8278948426246643
Epoch:	193
