DR_MSE:	89.00201425103076
DR_MAE:	6.775799556663542
DC_accuracy:	0.15151515151515152
DC_crossentropy:	4.322224111268015
ER_MSE:	7.237067604064942
DW_total_loss:	108.78307205257994
DW_discriminator_crossentropy:	4.322224111268015
DW_L_diff:	88.24549277623494
ER_total_loss:	8.127761516571045
ER_discriminator_crossentropy:	0.6527555561065674
ER_L_diff:	0.9521088570356369
Epoch:	158
