DC_accuracy:	0.5454545617103577
DC_crossentropy:	1.7381535768508911
ER_MSE:	7.772219161987305
DW_total_loss:	4.047831058502197
DW_discriminator_crossentropy:	6.990387916564941
DW_L_diff:	5.070585250854492
ER_total_loss:	8.629842700958251
ER_discriminator_crossentropy:	0.5073703217506409
ER_L_diff:	0.3910143339633942
Epoch:	267
