DC_accuracy:	0.42424242424242425
DC_crossentropy:	1.4066118435426191
ER_MSE:	9.799541397094726
DW_total_loss:	2.691179607853745
DW_discriminator_crossentropy:	1.8254972371188076
DW_L_diff:	8.769979845393788
ER_total_loss:	10.911935081481934
ER_discriminator_crossentropy:	0.8181446695327759
ER_L_diff:	0.32373160511255267
Epoch:	40
