DC_accuracy:	0.48484848484848486
DC_crossentropy:	1.5938391324245569
ER_MSE:	7.319954109191895
DW_total_loss:	2.444480888771288
DW_discriminator_crossentropy:	1.3487288590633508
DW_L_diff:	4.625175936655565
ER_total_loss:	8.157974300384522
ER_discriminator_crossentropy:	0.6173263716697693
ER_L_diff:	0.31115233182907104
Epoch:	158
