categorical_crossentropy: 	3.0608032110965615
accuracy: 	0.5757575757575758
DR_MSE: 	55.40646454782197
DR_MAE: 	5.591971570795232
epoch: 	360