categorical_crossentropy: 	1.474562366803487
accuracy: 	0.45454545454545453
DR_MSE: 	54.394260146401145
DR_MAE: 	5.333020997769905
epoch: 	161