categorical_crossentropy: 	1.5454136205442024
accuracy: 	0.3939393939393939
DR_MSE: 	29.838796904592805
DR_MAE: 	4.465671438159364
epoch: 	185