DR_MSE:	42.65499496459961
DR_MAE:	5.112788677215576
DC_accuracy:	0.6060606241226196
DC_crossentropy:	1.307849407196045
ER_MSE:	7.216528701782226
DW_total_loss:	49.10901641845703
DW_discriminator_crossentropy:	1.307849407196045
DW_L_diff:	14.86688232421875
ER_total_loss:	8.02528564453125
ER_discriminator_crossentropy:	0.521512188911438
ER_L_diff:	0.36113631367683413
Epoch:	167
