DR_MSE:	27.192157745361328
DR_MAE:	4.413913726806641
DC_accuracy:	0.3333333432674408
DC_crossentropy:	1.4899005889892578
ER_MSE:	7.292101497650147
DW_total_loss:	33.34849166870117
DW_discriminator_crossentropy:	1.4899005889892578
DW_L_diff:	26.056377410888672
ER_total_loss:	8.158568782806396
ER_discriminator_crossentropy:	0.6705798721313476
ER_L_diff:	0.5316631764173507
Epoch:	95
