DR_MSE:	36.76768227779504
DR_MAE:	4.778061982357141
DC_accuracy:	0.42424242424242425
DC_crossentropy:	1.4153124419125644
ER_MSE:	7.147297344207764
DW_total_loss:	42.97341340960878
DW_discriminator_crossentropy:	1.4153124419125644
DW_L_diff:	16.902932705301225
ER_total_loss:	7.953408679962158
ER_discriminator_crossentropy:	0.5386486363410949
ER_L_diff:	0.35240092873573303
Epoch:	150
