DC_accuracy:	0.5454545454545454
DC_crossentropy:	1.9649326837424077
ER_MSE:	7.561340255737305
DW_total_loss:	3.7281769423773796
DW_discriminator_crossentropy:	1.2564502773862896
DW_L_diff:	7.061399078730381
ER_total_loss:	8.464438381195068
ER_discriminator_crossentropy:	0.7461528587341308
ER_L_diff:	0.4504882833361626
Epoch:	124
