DC_accuracy:	0.4545454680919647
DC_crossentropy:	1.4177632331848145
ER_MSE:	9.762063713073731
DW_total_loss:	4.239922046661377
DW_discriminator_crossentropy:	5.834413051605225
DW_L_diff:	9.069528579711914
ER_total_loss:	10.861543159484864
ER_discriminator_crossentropy:	0.77146315574646
ER_L_diff:	0.3503468352556229
Epoch:	31
