DC_accuracy:	0.48484848484848486
DC_crossentropy:	1.7731654499516343
ER_MSE:	7.19989278793335
DW_total_loss:	3.027928944790002
DW_discriminator_crossentropy:	0.3890396230148547
DW_L_diff:	4.494740270303957
ER_total_loss:	8.048464889526366
ER_discriminator_crossentropy:	0.6996075367927551
ER_L_diff:	0.3209976303577423
Epoch:	211
