DR_MSE:	46.293836651426375
DR_MAE:	5.070847251198509
DC_accuracy:	0.5757575757575758
DC_crossentropy:	1.6968508344708066
ER_MSE:	7.495837631225586
DW_total_loss:	52.96329082142223
DW_discriminator_crossentropy:	1.6968508344708066
DW_L_diff:	8.150909347967668
ER_total_loss:	8.350005283355713
ER_discriminator_crossentropy:	0.5972705936431885
ER_L_diff:	0.37780589908361434
Epoch:	203
