DR_MSE:	34.90119171142578
DR_MAE:	4.528993129730225
DC_accuracy:	0.4848484992980957
DC_crossentropy:	1.2529817819595337
ER_MSE:	7.537062187194824
DW_total_loss:	40.53135299682617
DW_discriminator_crossentropy:	1.2529817819595337
DW_L_diff:	13.954160690307617
ER_total_loss:	8.394478874206543
ER_discriminator_crossentropy:	0.5950844860076905
ER_L_diff:	0.37887243628501893
Epoch:	168
