DR_MSE:	21.288814544677734
DR_MAE:	3.693882703781128
DC_accuracy:	0.4848484992980957
DC_crossentropy:	1.4002935886383057
ER_MSE:	7.637070236206054
DW_total_loss:	25.92099380493164
DW_discriminator_crossentropy:	1.4002935886383057
DW_L_diff:	14.741848945617676
ER_total_loss:	8.545856285095216
ER_discriminator_crossentropy:	0.7031116771697998
ER_L_diff:	0.5708896404504776
Epoch:	111
