DR_MSE:	54.60133656588468
DR_MAE:	5.559491374275901
DC_accuracy:	0.5151515151515151
DC_crossentropy:	1.9003836133263328
ER_MSE:	7.229969539642334
DW_total_loss:	62.508242867209695
DW_discriminator_crossentropy:	1.9003836133263328
DW_L_diff:	11.286696898214744
ER_total_loss:	8.052789134979248
ER_discriminator_crossentropy:	0.5770595502853394
ER_L_diff:	0.34821731328964234
Epoch:	157
