DR_MSE:	34.07135009765625
DR_MAE:	4.6056013107299805
DC_accuracy:	0.6060606241226196
DC_crossentropy:	1.3871824741363525
ER_MSE:	7.741881999969483
DW_total_loss:	39.56944274902344
DW_discriminator_crossentropy:	1.3871824741363525
DW_L_diff:	11.417555809020996
ER_total_loss:	8.623015060424805
ER_discriminator_crossentropy:	0.6180114269256591
ER_L_diff:	0.37325771898031235
Epoch:	248
