DR_MSE:	35.951438903808594
DR_MAE:	4.581362247467041
DC_accuracy:	0.4848484992980957
DC_crossentropy:	1.2673919200897217
ER_MSE:	7.4065862655639645
DW_total_loss:	42.17438888549805
DW_discriminator_crossentropy:	1.2673919200897217
DW_L_diff:	20.0367431640625
ER_total_loss:	8.282857818603516
ER_discriminator_crossentropy:	0.6959618043899536
ER_L_diff:	0.4461047953367233
Epoch:	90
