DR_MSE:	26.344189846154414
DR_MAE:	3.942593357779763
DC_accuracy:	0.45454545454545453
DC_crossentropy:	1.4525890097473606
ER_MSE:	9.454445114135742
DW_total_loss:	33.59528362389767
DW_discriminator_crossentropy:	1.4525890097473606
DW_L_diff:	41.20286965731418
ER_total_loss:	10.598964729309081
ER_discriminator_crossentropy:	1.045528063774109
ER_L_diff:	0.40296877175569534
Epoch:	41
