DR_MSE:	37.52974735606801
DR_MAE:	4.71324448152022
DC_accuracy:	0.45454545454545453
DC_crossentropy:	1.4392341989459414
ER_MSE:	7.309339370727539
DW_total_loss:	43.89715321858724
DW_discriminator_crossentropy:	1.4392341989459414
DW_L_diff:	17.744816473036103
ER_total_loss:	8.159375171661377
ER_discriminator_crossentropy:	0.6625236582756042
ER_L_diff:	0.33205173641443253
Epoch:	151
