categorical_crossentropy: 	1.8222198703072288
accuracy: 	0.5757575757575758
DR_MSE: 	65.36253580902562
DR_MAE: 	5.895767760999275
epoch: 	106