categorical_crossentropy: 	1.3903171076919094
accuracy: 	0.48484848484848486
DR_MSE: 	53.97166413249391
DR_MAE: 	5.266628626621131
epoch: 	182