categorical_crossentropy: 	1.8577189156503389
accuracy: 	0.2727272727272727
DR_MSE: 	24.63906854571718
DR_MAE: 	3.899072444800175
epoch: 	291