DR_MSE:	25.50408906647653
DR_MAE:	4.232524178244851
DC_accuracy:	0.5757575757575758
DC_crossentropy:	1.613735090602528
ER_MSE:	9.29478790283203
DW_total_loss:	33.27041530609131
DW_discriminator_crossentropy:	1.613735090602528
DW_L_diff:	46.39409698139537
ER_total_loss:	11.888074378967286
ER_discriminator_crossentropy:	0.9446226000785828
ER_L_diff:	0.4179239323735237
Epoch:	41
