DR_MSE:	32.2179776394006
DR_MAE:	4.353901826974117
DC_accuracy:	0.48484848484848486
DC_crossentropy:	1.2489872538682185
ER_MSE:	7.46627513885498
DW_total_loss:	53.061695127776176
DW_discriminator_crossentropy:	1.2489872538682185
DW_L_diff:	167.5809329928774
ER_total_loss:	9.544995365142823
ER_discriminator_crossentropy:	0.7207043743133545
ER_L_diff:	0.3996890938282013
Epoch:	239
