DR_MSE:	23.796587105953332
DR_MAE:	4.270895972396389
DC_accuracy:	0.5454545454545454
DC_crossentropy:	1.9861191818208406
ER_MSE:	9.06055908203125
DW_total_loss:	32.98065919587106
DW_discriminator_crossentropy:	1.9861191818208406
DW_L_diff:	60.96776369123748
ER_total_loss:	11.606916389465333
ER_discriminator_crossentropy:	0.9728288125991821
ER_L_diff:	0.47512922942638397
Epoch:	42
