DR_MSE:	41.6882175098766
DR_MAE:	4.852803129138368
DC_accuracy:	0.42424242424242425
DC_crossentropy:	1.4561060125177556
ER_MSE:	7.110566329956055
DW_total_loss:	50.941971432078965
DW_discriminator_crossentropy:	1.4561060125177556
DW_L_diff:	48.93320895686294
ER_total_loss:	9.217059535980225
ER_discriminator_crossentropy:	1.1886053371429444
ER_L_diff:	0.3962555077672005
Epoch:	294
