DR_MSE:	35.72897708777225
DR_MAE:	4.7008921738826865
ER_MSE:	7.058007144927979
Epoch:	124