DR_MSE:	25.296693744081438
DR_MAE:	4.173445817196008
ER_MSE:	7.237302551269531
Epoch:	103