DC_accuracy:	0.6060606060606061
DC_crossentropy:	1.3351262898156138
ER_MSE:	7.924635696411133
DW_total_loss:	3.627161983287696
DW_discriminator_crossentropy:	0.00013229516502399224
DW_L_diff:	21.139947186816823
ER_total_loss:	8.973399353027343
ER_discriminator_crossentropy:	1.0490838623046874
ER_L_diff:	0.9159418058395385
Epoch:	53
