DC_accuracy:	0.48484848484848486
DC_crossentropy:	1.3002732558683916
ER_MSE:	7.866936454772949
DW_total_loss:	3.440911231618939
DW_discriminator_crossentropy:	0.0018598555065127034
DW_L_diff:	19.438124869809005
ER_total_loss:	8.890634651184081
ER_discriminator_crossentropy:	0.9866758847236633
ER_L_diff:	0.8625629192590714
Epoch:	55
