DC_accuracy:	0.3939393939393939
DC_crossentropy:	2.7012697277647075
ER_MSE:	7.296589889526367
DW_total_loss:	4.19415283203125
DW_discriminator_crossentropy:	9.465159823638246e-05
DW_L_diff:	3.4660983473965614
ER_total_loss:	8.224426174163819
ER_discriminator_crossentropy:	0.9739587783813477
ER_L_diff:	0.34566674768924716
Epoch:	203
