DC_accuracy:	0.6060606241226196
DC_crossentropy:	1.4331918954849243
ER_MSE:	9.731531066894531
DW_total_loss:	2.681805372238159
DW_discriminator_crossentropy:	1.3692383766174316
DW_L_diff:	6.850072860717773
ER_total_loss:	10.882382888793945
ER_discriminator_crossentropy:	0.996335883140564
ER_L_diff:	0.32411723911762236
Epoch:	36
