DC_accuracy:	0.5454545617103577
DC_crossentropy:	1.2480859756469727
ER_MSE:	7.828123626708984
DW_total_loss:	2.05014705657959
DW_discriminator_crossentropy:	0.049320876598358154
DW_L_diff:	5.971367835998535
ER_total_loss:	8.773678302764893
ER_discriminator_crossentropy:	0.7980031132698059
ER_L_diff:	0.5190322244167328
Epoch:	94
