DC_accuracy:	0.4848484992980957
DC_crossentropy:	1.4542937278747559
ER_MSE:	7.465888900756836
DW_total_loss:	2.440969467163086
DW_discriminator_crossentropy:	1.1840007305145264
DW_L_diff:	4.088778018951416
ER_total_loss:	8.339682369232177
ER_discriminator_crossentropy:	0.6992374563217163
ER_L_diff:	0.3381654009222984
Epoch:	179
