DR_MSE:	34.996189536470354
DR_MAE:	4.489335775375366
DC_ACC:	0.6060606060606061
DC_crossentropy:	1.239823245640957
DR_total_loss:	39.775579120173596
DR_discriminator_crossentropy:	0.726482275760535
DR_L_diff:	18.101376446810637
DC_total_loss:	3.107259694373969
DC_discriminator_crossentropy:	1.0295006750207958
DC_L_diff:	18.73096401041204
Epoch:	48
