DR_MSE:	37.701935204592615
DR_MAE:	4.8760498798254766
DC_ACC:	0.5151515151515151
DC_crossentropy:	2.5503854101354424
DR_total_loss:	41.83377394531713
DR_discriminator_crossentropy:	0.36495528076634265
DR_L_diff:	8.092803315682845
DC_total_loss:	3.2597409017158276
DC_discriminator_crossentropy:	1.272251602375146
DC_L_diff:	2.0219722218585736
Epoch:	399
