DR_MSE:	25.762357711791992
DR_MAE:	4.180509567260742
DC_ACC:	0.45454545454545453
DC_crossentropy:	1.619371609254317
DR_total_loss:	29.685792922973633
DR_discriminator_crossentropy:	0.4336451292037964
DR_L_diff:	18.705129623413086
DC_total_loss:	2.458123575557362
DC_discriminator_crossentropy:	1.1752523635372971
DC_L_diff:	4.989943522395509
Epoch:	86
