DC_loss:	1.6650440512281475
DC_ACC:	0.5757575757575758
ER_MSE:	7.335692653656006
Epoch:	67