DC_loss:	1.5921455007610898
DC_ACC:	0.5454545454545454
ER_MSE:	7.147904243469238
Epoch:	87