DR_MSE:	39.348827940044984
DR_MAE:	4.960688677701083
DC_ACC:	0.6060606060606061
DC_crossentropy:	1.4117895978869814
DR_total_loss:	43.644537029844344
DR_discriminator_crossentropy:	0.04382529854774475
DR_L_diff:	9.291973406618292
DC_total_loss:	2.5908518487756904
DC_discriminator_crossentropy:	3.417469465371334
DC_L_diff:	2.470420650008953
Epoch:	206
