DR_MSE:	41.560642473625414
DR_MAE:	5.271207708300966
DC_ACC:	0.48484848484848486
DC_crossentropy:	2.663236560243549
DR_total_loss:	46.41363964658795
DR_discriminator_crossentropy:	0.19013443792408163
DR_L_diff:	13.312541488445166
DC_total_loss:	3.8913751659971294
DC_discriminator_crossentropy:	2.9974301367095024
DC_L_diff:	2.9886221194809135
Epoch:	399
