DR_MSE:	26.327491760253906
DR_MAE:	4.0445780754089355
DC_ACC:	0.21212121212121213
DC_crossentropy:	2.4002413785818852
DR_total_loss:	30.90155601501465
DR_discriminator_crossentropy:	0.13608185946941376
DR_L_diff:	27.13211441040039
DC_total_loss:	8.495149251186486
DC_discriminator_crossentropy:	2.7031849189238115
DC_L_diff:	65.03862880937982
Epoch:	32
