DC_accuracy:	0.4848484992980957
DC_crossentropy:	1.4805521965026855
ER_MSE:	9.756903343200683
DW_total_loss:	5.967190742492676
DW_discriminator_crossentropy:	8.939598083496094
DW_L_diff:	26.48111343383789
ER_total_loss:	10.816263465881347
ER_discriminator_crossentropy:	0.6104347705841064
ER_L_diff:	0.3578706955909729
Epoch:	12
