DC_accuracy:	0.4545454680919647
DC_crossentropy:	1.4310808181762695
ER_MSE:	9.764376792907715
DW_total_loss:	4.804037570953369
DW_discriminator_crossentropy:	8.76002025604248
DW_L_diff:	13.17693042755127
ER_total_loss:	10.839757461547851
ER_discriminator_crossentropy:	0.6763925457000732
ER_L_diff:	0.34360259532928467
Epoch:	27
