DC_accuracy:	0.36363636363636365
DC_crossentropy:	1.9095183285799893
ER_MSE:	7.207875518798828
DW_total_loss:	4.437466404654763
DW_discriminator_crossentropy:	7.158915158474084
DW_L_diff:	7.079531655167088
ER_total_loss:	8.031206970214845
ER_discriminator_crossentropy:	0.554458122253418
ER_L_diff:	0.45009402483701705
Epoch:	201
