RMSE:	21.12959318450003
MAE:	3.7380175879507354
ER_MSE:	9.086495170593262