DR_MSE:	47.41572570800781
DR_MAE:	5.732186794281006
DC_ACC:	0.3333333333333333
DC_crossentropy:	2.4787603147102124
DR_total_loss:	96.97233581542969
DR_discriminator_crossentropy:	3.727354123839177e-05
DR_L_diff:	566.1148071289062
DC_total_loss:	52.844390493450746
DC_discriminator_crossentropy:	13.814116275671756
DC_L_diff:	583.6126517093543
Epoch:	0
