DR_MSE:	26.47255516052246
DR_MAE:	4.066198348999023
DC_ACC:	0.24242424242424243
DC_crossentropy:	2.5783281470790054
DR_total_loss:	30.918821334838867
DR_discriminator_crossentropy:	0.6813018321990967
DR_L_diff:	23.66761589050293
DC_total_loss:	10.549535339528864
DC_discriminator_crossentropy:	1.1296031366695056
DC_L_diff:	93.20946297501072
Epoch:	39
