DR_MSE:	23.089563369750977
DR_MAE:	4.058300495147705
DC_ACC:	0.24242424242424243
DC_crossentropy:	2.572959683158181
DR_total_loss:	27.40755844116211
DR_discriminator_crossentropy:	0.46535730361938477
DR_L_diff:	26.54493522644043
DC_total_loss:	10.669931606812911
DC_discriminator_crossentropy:	1.459277817697236
DC_L_diff:	93.75732998414473
Epoch:	36
